IWES_ENTRANCE1: -503.4854><-121.6538><-440.5439><-105.9895><1><><152><75
IWES_INTRODUCTION: -90.25938><75.57504><-174.5919><102.0231><0><Encapsulated Systems><162><78
IWES_BASIS1: 769.4336><22.20227><736.564><84.77024><1><Encapsulated Systems><58><38
IWES_A01: 327.7965><-4.469697><320.183><80.14584><1><Encapsulated Systems><58><38
OffScreenDen_IWES: -503.4854><28.34619><-441.6112><-160.9497><1><><0><0
Connection: IWES_ENTRANCE1,IWES_INTRODUCTION,144,66,11,11,1,3
