IWES_ENTRANCE1: -424.3063><-97.95203><-392.0135><-45.26653><1><><152><75
IWES_BASIS1: 848.6127><45.90405><785.0943><145.4932><1><Encapsulated Systems><58><38
OffScreenDen_IWES: -424.3063><52.04797><-393.0808><-100.2267><1><><0><0
