Template: NONE
DangerType: None
Clouds: 0
Grime: 0
RandomItemDensity: 0.2042037
RandomItemSpearChance: 0.0550013
Palette: 98
TerrainLight: 0.2667966
TerrainStainAmount: 0.1043993
TerrainStainHeight: 1
TerrainWaves: 0.3073983
TerrainEdgeRadius: 54.20028
TerrainGooHeight: 0.1242092
TerrainGrain: 0.3098078
TerrainDepth: -10
TerrainSkyFade: 0
TerrainPalette: badlands
Effects: Darkness-0.6843919-20-20, SandPuffs-1-23.06326-78.55702, LightBurn-0.02899967-286.6586-23.06329, NarrowHorizon-1-284.5242-83.89297, 
PlacedObjects: TerrainHandle><-48.34563><84.22554><-101.8968~18.14221~104.5648~-29.34764~127.7859, TerrainHandle><322.5353><24.37377><-128.0432~-10.13829~136.5804~12.80624~48.81404, TerrainHandle><639.9263><72.78854><-111.5014~-16.54142~140.3155~20.81016~95.23669, TerrainHandle><964.9242><71.66933><-119.5056~21.34375~119.5056~-26.6797~98.97191, TerrainHandle><1286.717><62.02236><-128.5766~-16.54141~138.1813~30.41485~96.30389, TerrainHandle><1656.046><149.7284><-112.5688~17.60858~126.4424~-26.67967~44.01169, TerrainHandle><1971.669><63.58754><-122.1735~23.47814~138.7146~-13.33987~68.02344, TerrainHandle><2359.533><140.857><-112.5688~-25.0789~108.8335~14.40707~35.47421, CustomDecal><-151.0713><14.16532><-1.60078~411.9148~903.3546~383.1009~1340.368~2.667968~36.28436~-295.0772~0~1~0~rustb3~0.3840013~1~0.3840013~1~0.3840013~1~0.3840013~1, CustomDecal><-132.5221><15.8253><-178.2203~418.318~178.7344~503.6928~604.0087~2.134373~46.42259~-295.6109~0~1~0~rustb2~0.2216034~1~0.2216034~1~0.2216034~1~0.2216034~1, CustomDecal><584.8998><10.39233><-100.3156~262.5086~787.5648~300.9273~996.7337~-0.5335935~-421.0055~-290.2749~0~1~0~rustb3~0.3086025~1~0.3086025~1~0.3086025~1~0.3086025~1, TerrainHandle><2611.664><132.0936><-127.5095~28.28047~119.5054~-41.62031~49.88124, TerrainHandle><3006.135><57.88878><-109.9006~-12.80624~124.3078~10.13827~76.02734, TerrainHandle><3310.051><136.0793><-115.7703~-24.01173~123.2405~16.54138~42.94456, TerrainHandle><3580.232><135.5732><-105.0984~19.20938~113.1023~-26.67969~48.81407, TerrainHandle><3834.483><66.35417><-96.02722~17.60858~98.69531~-10.13827~80.29609, TerrainHandle><4180.825><104.8164><-120.0392~-12.80621~120.5728~11.73904~79.22891, TerrainHandle><4506.728><117.8669><-130.7108~-3.735168~112.0352~21.34373~49.88126, TerrainHandle><4806.238><135.9424><-114.7031~21.87733~114.7031~-26.1461~43.47815, TerrainHandle><5082.667><72.86987><-98.16174~6.936714~106.6992~-4.268753~71.75859, TerrainHandle><5411.807><135.9458><-101.8969~-13.33984~123.7742~10.67188~40.81017, TerrainHandle><5651.543><134.3494><-97.62811~20.27657~129.1102~-24.54533~44.54532, TerrainHandle><5940.607><64.53337><-102.9641~12.80622~107.7662~-9.604691~73.35934, TerrainHandle><6495.176><136.9004><-100.8296~5.869537~107.2327~-10.67187~32.27264, TerrainHandle><6252.187><115.6815><-97.09448~-28.28048~117.3707~18.67585~40.2766, TerrainHandle><6817.645><74.71365><-87.48987~8.003906~100.2961~-3.735153~69.09061, TerrainHandle><7145.04><92.72089><-116.3038~-14.94063~112.5687~13.87344~54.14999, AdjustableFan><462.0307><223.6894><5~8.660254~0~0.4~0.5~0.4059959, AdjustableFan><284.8807><225.2666><5~8.660254~0~0.4~0.5~0.4084068, 
AmbientSounds: OMNI><rwtw_ambinterior.ogg><608.6308><587.9933><0.7042037><1, OMNI><rwtw_ambempty.ogg><433.4106><588.6172><0.4026069><1, 
FadePalette: 53, 0.6031929, 0.6089931, 0.603193, 0.6031929, 0.603193, 0.6089927, 0.6089929
TerrainFadePalette: torrid_desert, 0.110199, 0.1101976, 0.110199, 0.110199, 0.110199, 0.1159986, 0.110199
