Template: NONE
DangerType: None
Clouds: 0
Grime: 0
RandomItemDensity: 0.2042037
RandomItemSpearChance: 0.0550013
Palette: 99
TerrainStainAmount: 0.1043993
TerrainStainHeight: 1
TerrainWaves: 0.7075925
TerrainEdgeRadius: 20.56036
TerrainGooHeight: 0.1416095
TerrainGrain: 1
TerrainDepth: 3.08603
TerrainSkyFade: 0
TerrainPalette: badlands
Effects: Darkness-0.6205925-20-20, SandPuffs-1-23.06326-78.55702, Contrast-0.0116-282.9234-18.79453, 
PlacedObjects: TerrainHandle><715.3422><137.6959><-73.61639~-7.470306~75.75085~9.604675~29.60469, TerrainHandle><508.6962><152.5754><-83.22107~19.20935~82.68762~-19.20937~55.75079, TerrainHandle><398.1179><84.69122><-40~0~40~0~20, TerrainHandle><857.4399><91.80165><-40~0~40~0~20, FloatingDebris><693.5305><431.9539><59.60461~46.26486~1228217899~0~30~0.25~0.5~6~-100.6916|-41.62042~-117.0148|335.4727~0.7187735|0.1699603~-0.2187738|-0.3841882~-0.5922888|-1.07786~Stardust~1~-0.8270697v-0.02668091v0v0|-0.8644226v-0.04268799v0v0~0, LightBeam><518.2022><496.7532><3.201599~275.3148~250.236~258.7734~175.5328~-97.11411~-21.34369~39.48587~0.4116009~0.1913975~0~0~None~0~0, CustomDecal><-44.07648><11.03481><-12.27266~713.3953~1188.294~746.478~1212.839~12.27265~20.27654~-284.9391~0~1~0~rust3~0.4420013~1~0.4420013~1~0.4420013~1~0.4420013~1, CustomDecal><-154.6945><16.55323><25.6125~527.1711~468.4757~446.0649~552.2501~13.87344~11.2054~-296.678~0~1~0~rustb3~0.4652007~1~0.4652007~1~0.4652007~1~0.4652007~1, CustomDecal><532.0895><12.2948><40.5531~406.5789~555.9852~433.2586~655.2334~4.268752~-422.6062~-290.8086~0~1~0~rustb2~0.424601~1~0.424601~1~0.424601~1~0.424601~1, AdjustableFan><358.2831><643.6525><5~8.660254~0~0.4463995~0.5~0.1068105, 
AmbientSounds: OMNI><rwtw_ambempty.ogg><441.7863><584.6356><0.5012053><1, SPOT><rwtw_ambinterior.ogg><237.6227><476.6113><0.6043993><1><923.5703><770.6176><-43.35919><-71.10614><0><0.05940081, SPOT><rwtw_duststorm_deep.ogg><426.3253><467.6089><0.3608014><0.446686><636.8409><659.6988><-26.81781><-157.0148><0><0.2159988, 
FadePalette: 53, 0.5045939
TerrainFadePalette: torrid_desert, 0.06379899
