Template: NONE
DangerType: None
Clouds: 0
Grime: 0
RandomItemDensity: 0.2042037
RandomItemSpearChance: 0.0550013
Palette: 99
TerrainLight: 0.650798
TerrainStainAmount: 0.1043993
TerrainStainHeight: 1
TerrainWaves: 0.7075925
TerrainEdgeRadius: 20.56036
TerrainGooHeight: 0.1416095
TerrainGrain: 0.5012061
TerrainDepth: 3.08603
TerrainSkyFade: 0
TerrainPalette: badlands
Effects: Darkness-0.6263927-20-20, SandPuffs-1-23.06326-78.55702, 
PlacedObjects: TerrainHandle><343.5375><107.0247><-76.28442~-13.87343~81.08673~9.071098~53.61641, TerrainHandle><498.5618><96.96136><-88.02344~9.071091~103.4976~-12.80625~44.01172, TerrainHandle><694.7041><92.56677><-84.82196~-10.1383~87.48981~7.470299~40.27658, TerrainHandle><1035.085><241.193><-89.62419~-10.13831~97.6281~9.071106~48.81403, TerrainHandle><1506.048><202.0053><-78.95239~-6.936707~71.48206~-2.667953~50.94843, TerrainHandle><1283.547><214.0617><-93.35938~7.470306~95.49377~-15.47421~46.14609, TerrainHandle><1676.905><186.879><-79.48584~4.268753~35.19757~-58.16171~23.73518, TerrainHandle><867.3726><221.5833><-57.07501~-7.470306~62.41101~10.67186~80.82968, CustomDecal><8.384018><13.0318><51.22498~697.9211~864.4021~700.0555~976.4572~-1.067186~-157.9438~-291.342~0~1~0~rustb3~0.4304007~1~0.4304007~1~0.4304007~1~0.4304007~1, CustomDecal><-18.67917><14.61225><30.41476~437.5273~553.3171~458.3375~629.0875~16.00778~-49.62405~-292.9429~0~1~0~rustb2~0.4014004~1~0.4014004~1~0.4014004~1~0.4014004~1, CustomDecal><649.9882><10.02352><-97.64771~525.5703~546.9139~508.4953~552.2501~4.802342~-638.178~-288.1407~0~1~0~rust3~0.3608017~1~0.3608017~1~0.3608017~1~0.3608017~1, CustomDecal><509.6046><18.35322><-6.103516E-05~337.2117~558.1195~292.3898~622.6844~-7.47027~-421.5392~-297.7453~0~1~0~rustb3~0.4478009~1~0.4478009~1~0.4478009~1~0.4478009~1, CustomDecal><890.8331><9.505152><-17.075~599.2064~652.5656~593.3367~720.8657~11.73906~128.5962~-288.6742~0~1~0~rustb3~0.4304~1~0.4304~1~0.4304~1~0.4304~1, CustomDecal><1224.992><25.60472><46.42264~519.7007~835.5883~676.0437~894.2836~-4.802347~47.48984~-302.0142~0~1~0~rustb2~0.4652007~1~0.4652007~1~0.4652007~1~0.4652007~1, LightBeam><425.0834><179.8412><-164.3469~495.1555~291.8562~536.7756~295.5914~-33.08286~-485.5703~-126.9953~0.3593999~0.2551973~0~1~None~0~0, FloatingDebris><556.614><268.4701><127.3711~92.6875~372111457~8~30~0.5348013~0.8827972~10~-64.40692|41.08673~335.4728|-101.5406~0.4946643|0.6181797~-0.3788519|-0.5069147~-0.7950555|-0.6296399~Stardust~0.5012061~-0.9924843v0.04268738v0v0|-1.008492v0.02667969v0v0~0, AdjustableFan><216.7499><561.3029><5~8.660254~0~0.5507985~0.5~0.1043986, 
AmbientSounds: OMNI><rwtw_ambempty.ogg><237.4199><537.1458><0.4026069><1, SPOT><rwtw_ambinterior.ogg><50.82774><495.4363><0.6507981><1><416.0817><769.166><-48.16156><-69.50537><0><0.05360056, SPOT><rwtw_ambinterior.ogg><52.88335><377.3805><0.6056041><1><1891.957><635.1023><-48.69519><-51.36316><0><0.05360014, SPOT><rwtw_duststorm_gusting.ogg><47.80524><260.6971><0.2448024><0.3318474><502.7028><499.2097><-137.2718><-170.8882><0><0.4537966, 
FadePalette: 53, 0.6495922, 0.5045939
TerrainFadePalette: torrid_desert, 0.06379899, 0.06379899
