IWNH_VENTS: -126.844><-27.41122><-143.919><-36.12656><1><Narrow Horizon><206><39
IWNH_HYDROPONICS1: 253.1544><-96.24477><287.838><-77.74685><1><Narrow Horizon><52><39
OffScreenDen_IWNH: -126.3104><123.656><-143.919><113.8734><1><><0><0
Connection: IWNH_VENTS,IWNH_HYDROPONICS1,0,0,0,0,0,0
